,,Titraumatic titration data
,,Inject vol,100
,,Final delay,4
,,Syr diam,15020
0.0,3.8573084
0.1963,3.962636
0.3926,4.131798
0.58889997,4.262659
0.7852,4.3871365
0.9815,4.498848
1.1778,4.6233253
1.3741001,4.731845
1.5704001,4.8244047
1.7667001,4.9297323
1.9630002,5.038251
2.1593,5.1563454
2.3556,5.2872066
2.5519001,5.411684
2.7482002,5.5872297
2.7482002,5.7595835
2.7482002,5.791501
2.7482002,5.8138437
2.7482002,5.8361855
2.7482002,5.8425694
2.7482002,5.8489523
2.7482002,5.8489523
2.7482002,5.855336
2.7482002,5.855336
2.7482002,5.871295
2.7482002,5.871295
2.7482002,5.874486
2.7482002,5.874486
2.7482002,5.884062
2.7482002,5.8872538
2.7482002,5.8872538
2.7482002,5.8872538
2.7482002,5.8872538
2.7482002,5.8968287
2.7482002,5.8904448
2.7482002,5.8936367
2.7482002,5.90002
2.7482002,5.8936367
2.7482002,5.90002
2.7482002,5.8968287
2.7482002,5.903212
2.7482002,5.90002
2.7482002,5.903212
2.7482002,5.90002
2.7482002,5.8968287
2.7482002,5.90002
2.7482002,5.906404
2.7482002,5.903212
2.7482002,5.903212
2.7482002,5.90002
2.7482002,5.903212
2.7482002,5.903212
2.7482002,5.903212
2.7482002,5.903212
2.7482002,5.906404
2.7482002,5.9127874
2.7482002,5.9127874
2.7482002,5.903212
2.7482002,5.90002
2.7482002,5.9095955
2.7482002,5.9095955
2.7482002,5.906404
2.7482002,5.906404
2.7482002,5.9095955
2.7482002,5.903212
2.7482002,5.9127874
2.7482002,5.9095955
2.7482002,5.9127874
2.7482002,5.9127874
2.7482002,5.9095955
2.7482002,5.9095955
2.7482002,5.9095955
2.7482002,5.9095955
2.7482002,5.9127874
2.7482002,5.9127874
2.7482002,5.9095955
2.7482002,5.906404
2.7482002,5.9127874
2.7482002,5.9127874
2.7482002,5.915979
2.7482002,5.9127874
2.7482002,5.9095955
2.7482002,5.9095955
2.7482002,5.9127874
2.7482002,5.9095955
2.7482002,5.9095955
2.7482002,5.9095955
2.7482002,5.906404
2.7482002,5.906404
2.7482002,5.906404
2.7482002,5.9095955
2.7482002,5.915979
2.7482002,5.915979
2.7482002,5.906404
2.7482002,5.9127874
2.7482002,5.906404
2.7482002,5.9127874
2.7482002,5.9127874
2.7482002,5.9095955
2.7482002,5.9095955
2.7482002,5.906404
2.7482002,5.9095955
2.7482002,5.9127874
2.7482002,5.9127874
2.7482002,5.915979
2.7482002,5.9127874
2.7482002,5.9095955
2.7482002,5.906404
2.7482002,5.9095955
2.7482002,5.9127874
2.7482002,5.9127874
2.7482002,5.915979
2.7482002,5.9095955
2.7482002,5.9127874
2.7482002,5.9095955
2.7482002,5.9127874
2.7482002,5.9127874
2.7482002,5.906404
2.7482002,5.9127874
2.7482002,5.919171
2.7482002,5.9127874
2.7482002,5.9127874
2.7482002,5.906404
2.7482002,5.9127874
2.7482002,5.9127874
2.7482002,5.915979
2.7482002,5.915979
2.7482002,5.9095955
2.7482002,5.9127874
2.7482002,5.915979
2.7482002,5.915979
2.7482002,5.919171
2.7482002,5.915979
2.7482002,5.9095955
2.7482002,5.9127874
2.7482002,5.9127874
2.7482002,5.9127874
2.7482002,5.915979
2.7482002,5.915979
2.7482002,5.9127874
2.7482002,5.915979
2.7482002,5.9095955
2.7482002,5.915979
2.7482002,5.915979
2.7482002,5.915979
2.7482002,5.9127874
2.7482002,5.9095955
2.7482002,5.9095955
2.7482002,5.9127874
2.7482002,5.9127874
2.7482002,5.9095955
2.7482002,5.919171
2.7482002,5.9095955
2.7482002,5.9127874
2.7482002,5.9127874
2.7482002,5.9127874
2.7482002,5.915979
2.7482002,5.915979
2.7482002,5.9127874
2.7482002,5.9127874
2.7482002,5.906404
2.7482002,5.9127874
2.7482002,5.915979
2.7482002,5.9127874
2.7482002,5.9095955
2.7482002,5.919171
2.7482002,5.919171
2.7482002,5.9127874
2.7482002,5.9095955
2.7482002,5.9095955
2.7482002,5.9127874
2.7482002,5.915979
2.7482002,5.915979
2.7482002,5.915979
2.7482002,5.915979
2.7482002,5.919171
2.7482002,5.9127874
2.7482002,5.9095955
2.7482002,5.915979
2.7482002,5.90002
2.7482002,5.9095955
2.7482002,5.9095955
2.7482002,5.915979
2.7482002,5.9095955
2.7482002,5.9127874
2.7482002,5.915979
2.7482002,5.915979
2.7482002,5.915979
2.7482002,5.9095955
2.7482002,5.9127874
2.7482002,5.915979
2.7482002,5.906404
2.7482002,5.919171
2.7482002,5.9095955
2.7482002,5.915979
2.7482002,5.915979
2.7482002,5.9095955
2.7482002,5.9127874
2.7482002,5.9095955
2.7482002,5.915979
2.7482002,5.9127874
2.7482002,5.9127874
2.7482002,5.915979
2.7482002,5.906404
2.7482002,5.915979
2.7482002,5.9127874
2.7482002,5.915979
2.7482002,5.915979
2.7482002,5.915979
2.7482002,5.915979
2.7482002,5.9095955
2.7482002,5.9127874
2.7482002,5.915979
2.7482002,5.9127874
2.7482002,5.9127874
2.7482002,5.9095955
2.7482002,5.906404
2.7482002,5.9095955
2.7482002,5.915979
2.7482002,5.915979
2.7482002,5.9127874
2.7482002,5.9095955
2.7482002,5.915979
2.7482002,5.9095955
2.7482002,5.9127874
2.7482002,5.9255543
2.7482002,5.9095955
2.7482002,5.9127874
2.7482002,5.9127874
2.7482002,5.919171
2.9445002,5.915979
2.9445002,5.9095955
3.0317402,6.062799
3.1189802,6.289412
3.2062201,6.7139134
3.2934601,9.31518
3.3807,11.290865
3.46794,12.05369
3.55518,12.321795
3.64242,12.484574
3.72966,12.596285
3.72966,12.67927
3.72966,12.682462
3.72966,12.685654
3.72966,12.682462
3.72966,12.685654
3.72966,12.695229
3.72966,12.698421
3.72966,12.714379
3.72966,12.688846
3.72966,12.692038
3.72966,12.704804
3.72966,12.692038
3.72966,12.695229
3.72966,12.701612
3.72966,12.698421
3.72966,12.698421
3.72966,12.698421
3.72966,12.695229
3.72966,12.704804
3.72966,12.695229
3.72966,12.701612
3.72966,12.701612
